# MC Truth parameters for modified NSC formula

CaloEta0: 30. 1500.  3.8663  0.728714  0.  0.224013
CaloEta1: 30. 1500.  3.96546  0.836469  0.  0.200146
CaloEta2: 30. 1500.  3.22132  0.731672  0.  0.159447
CaloEta3: 30. 1500.  -3.09025  1.08265  0  -0.0753305

JPTEta0: 30. 1500.  2.10537  0.473721  0.  0.296656   
JPTEta1: 30. 1500.  -1.92848  0.806273  0.  0.146635 
JPTEta2: 30. 1500.  -14.7575  6.32337  0.  -0.433665 
JPTEta3: 30. 1500.  -5.60561  1.34509  0.  0.00263488

PFEta0: 30. 1500.  -1.18591  0.40573  0.  0.352069
PFEta1: 30. 1500.  -1.49592  0.627368  0.  0.218365
PFEta2: 30. 1500.  -1.51996  0.766658  0.  0.0228755
PFEta3: 30. 1500.  -0.336561  0.572859  0.  0.144683